,left,top
0,259579,5031369
1,260079,5034369
2,260079,5033869
3,260079,5033369
4,260079,5032869
5,260079,5032369
6,260079,5031869
7,260079,5031369
8,260079,5030869
9,260079,5030369
10,260079,5029869
11,260079,5029369
12,260079,5028869
13,260079,5028369
14,260579,5035869
15,260579,5035369
16,260579,5034869
17,260579,5034369
18,260579,5033869
19,260579,5033369
20,260579,5032869
21,260579,5032369
22,260579,5031869
23,260579,5031369
24,260579,5030869
25,260579,5030369
26,260579,5029869
27,260579,5029369
28,260579,5028869
29,260579,5028369
30,260579,5027869
31,260579,5027369
32,260579,5026869
33,261079,5036869
34,261079,5036369
35,261079,5035869
36,261079,5035369
37,261079,5034869
38,261079,5034369
39,261079,5033869
40,261079,5033369
41,261079,5032869
42,261079,5032369
43,261079,5031869
44,261079,5031369
45,261079,5030869
46,261079,5030369
47,261079,5029869
48,261079,5029369
49,261079,5028869
50,261079,5028369
51,261079,5027869
52,261079,5027369
53,261079,5026869
54,261079,5026369
55,261079,5025869
56,261579,5037869
57,261579,5037369
58,261579,5036869
59,261579,5036369
60,261579,5035869
61,261579,5035369
62,261579,5034869
63,261579,5034369
64,261579,5033869
65,261579,5033369
66,261579,5032869
67,261579,5032369
68,261579,5031869
69,261579,5031369
70,261579,5030869
71,261579,5030369
72,261579,5029869
73,261579,5029369
74,261579,5028869
75,261579,5028369
76,261579,5027869
77,261579,5027369
78,261579,5026869
79,261579,5026369
80,261579,5025869
81,261579,5025369
82,261579,5024869
83,262079,5038369
84,262079,5037869
85,262079,5037369
86,262079,5036869
87,262079,5036369
88,262079,5035869
89,262079,5035369
90,262079,5034869
91,262079,5034369
92,262079,5033869
93,262079,5033369
94,262079,5032869
95,262079,5032369
96,262079,5031869
97,262079,5031369
98,262079,5030869
99,262079,5030369
100,262079,5029869
101,262079,5029369
102,262079,5028869
103,262079,5028369
104,262079,5027869
105,262079,5027369
106,262079,5026869
107,262079,5026369
108,262079,5025869
109,262079,5025369
110,262079,5024869
111,262079,5024369
112,262579,5038869
113,262579,5038369
114,262579,5037869
115,262579,5037369
116,262579,5036869
117,262579,5036369
118,262579,5035869
119,262579,5035369
120,262579,5034869
121,262579,5034369
122,262579,5033869
123,262579,5033369
124,262579,5032869
125,262579,5032369
126,262579,5031869
127,262579,5031369
128,262579,5030869
129,262579,5030369
130,262579,5029869
131,262579,5029369
132,262579,5028869
133,262579,5028369
134,262579,5027869
135,262579,5027369
136,262579,5026869
137,262579,5026369
138,262579,5025869
139,262579,5025369
140,262579,5024869
141,262579,5024369
142,262579,5023869
143,263079,5039369
144,263079,5038869
145,263079,5038369
146,263079,5037869
147,263079,5037369
148,263079,5036869
149,263079,5036369
150,263079,5035869
151,263079,5035369
152,263079,5034869
153,263079,5034369
154,263079,5033869
155,263079,5033369
156,263079,5032869
157,263079,5032369
158,263079,5031869
159,263079,5031369
160,263079,5030869
161,263079,5030369
162,263079,5029869
163,263079,5029369
164,263079,5028869
165,263079,5028369
166,263079,5027869
167,263079,5027369
168,263079,5026869
169,263079,5026369
170,263079,5025869
171,263079,5025369
172,263079,5024869
173,263079,5024369
174,263079,5023869
175,263079,5023369
176,263579,5039869
177,263579,5039369
178,263579,5038869
179,263579,5038369
180,263579,5037869
181,263579,5037369
182,263579,5036869
183,263579,5036369
184,263579,5035869
185,263579,5035369
186,263579,5034869
187,263579,5034369
188,263579,5033869
189,263579,5033369
190,263579,5032869
191,263579,5032369
192,263579,5031869
193,263579,5031369
194,263579,5030869
195,263579,5030369
196,263579,5029869
197,263579,5029369
198,263579,5028869
199,263579,5028369
200,263579,5027869
201,263579,5027369
202,263579,5026869
203,263579,5026369
204,263579,5025869
205,263579,5025369
206,263579,5024869
207,263579,5024369
208,263579,5023869
209,263579,5023369
210,263579,5022869
211,264079,5040369
212,264079,5039869
213,264079,5039369
214,264079,5038869
215,264079,5038369
216,264079,5037869
217,264079,5037369
218,264079,5036869
219,264079,5036369
220,264079,5035869
221,264079,5035369
222,264079,5034869
223,264079,5034369
224,264079,5033869
225,264079,5033369
226,264079,5032869
227,264079,5032369
228,264079,5031869
229,264079,5031369
230,264079,5030869
231,264079,5030369
232,264079,5029869
233,264079,5029369
234,264079,5028869
235,264079,5028369
236,264079,5027869
237,264079,5027369
238,264079,5026869
239,264079,5026369
240,264079,5025869
241,264079,5025369
242,264079,5024869
243,264079,5024369
244,264079,5023869
245,264079,5023369
246,264079,5022869
247,264079,5022369
248,264579,5040869
249,264579,5040369
250,264579,5039869
251,264579,5039369
252,264579,5038869
253,264579,5038369
254,264579,5037869
255,264579,5037369
256,264579,5036869
257,264579,5036369
258,264579,5035869
259,264579,5035369
260,264579,5034869
261,264579,5034369
262,264579,5033869
263,264579,5033369
264,264579,5032869
265,264579,5032369
266,264579,5031869
267,264579,5031369
268,264579,5030869
269,264579,5030369
270,264579,5029869
271,264579,5029369
272,264579,5028869
273,264579,5028369
274,264579,5027869
275,264579,5027369
276,264579,5026869
277,264579,5026369
278,264579,5025869
279,264579,5025369
280,264579,5024869
281,264579,5024369
282,264579,5023869
283,264579,5023369
284,264579,5022869
285,264579,5022369
286,264579,5021869
287,265079,5041369
288,265079,5040869
289,265079,5040369
290,265079,5039869
291,265079,5039369
292,265079,5038869
293,265079,5038369
294,265079,5037869
295,265079,5037369
296,265079,5036869
297,265079,5036369
298,265079,5035869
299,265079,5035369
300,265079,5034869
301,265079,5034369
302,265079,5033869
303,265079,5033369
304,265079,5032869
305,265079,5032369
306,265079,5031869
307,265079,5031369
308,265079,5030869
309,265079,5030369
310,265079,5029869
311,265079,5029369
312,265079,5028869
313,265079,5028369
314,265079,5027869
315,265079,5027369
316,265079,5026869
317,265079,5026369
318,265079,5025869
319,265079,5025369
320,265079,5024869
321,265079,5024369
322,265079,5023869
323,265079,5023369
324,265079,5022869
325,265079,5022369
326,265079,5021869
327,265079,5021369
328,265579,5041369
329,265579,5040869
330,265579,5040369
331,265579,5039869
332,265579,5039369
333,265579,5038869
334,265579,5038369
335,265579,5037869
336,265579,5037369
337,265579,5036869
338,265579,5036369
339,265579,5035869
340,265579,5035369
341,265579,5034869
342,265579,5034369
343,265579,5033869
344,265579,5033369
345,265579,5032869
346,265579,5032369
347,265579,5031869
348,265579,5031369
349,265579,5030869
350,265579,5030369
351,265579,5029869
352,265579,5029369
353,265579,5028869
354,265579,5028369
355,265579,5027869
356,265579,5027369
357,265579,5026869
358,265579,5026369
359,265579,5025869
360,265579,5025369
361,265579,5024869
362,265579,5024369
363,265579,5023869
364,265579,5023369
365,265579,5022869
366,265579,5022369
367,265579,5021869
368,265579,5021369
369,266079,5041869
370,266079,5041369
371,266079,5040869
372,266079,5040369
373,266079,5039869
374,266079,5039369
375,266079,5038869
376,266079,5038369
377,266079,5037869
378,266079,5037369
379,266079,5036869
380,266079,5036369
381,266079,5035869
382,266079,5035369
383,266079,5034869
384,266079,5034369
385,266079,5033869
386,266079,5033369
387,266079,5032869
388,266079,5032369
389,266079,5031869
390,266079,5031369
391,266079,5030869
392,266079,5030369
393,266079,5029869
394,266079,5029369
395,266079,5028869
396,266079,5028369
397,266079,5027869
398,266079,5027369
399,266079,5026869
400,266079,5026369
401,266079,5025869
402,266079,5025369
403,266079,5024869
404,266079,5024369
405,266079,5023869
406,266079,5023369
407,266079,5022869
408,266079,5022369
409,266079,5021869
410,266079,5021369
411,266079,5020869
412,266579,5041869
413,266579,5041369
414,266579,5040869
415,266579,5040369
416,266579,5039869
417,266579,5039369
418,266579,5038869
419,266579,5038369
420,266579,5037869
421,266579,5037369
422,266579,5036869
423,266579,5036369
424,266579,5035869
425,266579,5035369
426,266579,5034869
427,266579,5034369
428,266579,5033869
429,266579,5033369
430,266579,5032869
431,266579,5032369
432,266579,5031869
433,266579,5031369
434,266579,5030869
435,266579,5030369
436,266579,5029869
437,266579,5029369
438,266579,5028869
439,266579,5028369
440,266579,5027869
441,266579,5027369
442,266579,5026869
443,266579,5026369
444,266579,5025869
445,266579,5025369
446,266579,5024869
447,266579,5024369
448,266579,5023869
449,266579,5023369
450,266579,5022869
451,266579,5022369
452,266579,5021869
453,266579,5021369
454,266579,5020869
455,267079,5042369
456,267079,5041869
457,267079,5041369
458,267079,5040869
459,267079,5040369
460,267079,5039869
461,267079,5039369
462,267079,5038869
463,267079,5038369
464,267079,5037869
465,267079,5037369
466,267079,5036869
467,267079,5036369
468,267079,5035869
469,267079,5035369
470,267079,5034869
471,267079,5034369
472,267079,5033869
473,267079,5033369
474,267079,5032869
475,267079,5032369
476,267079,5031869
477,267079,5031369
478,267079,5030869
479,267079,5030369
480,267079,5029869
481,267079,5029369
482,267079,5028869
483,267079,5028369
484,267079,5027869
485,267079,5027369
486,267079,5026869
487,267079,5026369
488,267079,5025869
489,267079,5025369
490,267079,5024869
491,267079,5024369
492,267079,5023869
493,267079,5023369
494,267079,5022869
495,267079,5022369
496,267079,5021869
497,267079,5021369
498,267079,5020869
499,267079,5020369
500,267579,5042369
501,267579,5041869
502,267579,5041369
503,267579,5040869
504,267579,5040369
505,267579,5039869
506,267579,5039369
507,267579,5038869
508,267579,5038369
509,267579,5037869
510,267579,5037369
511,267579,5036869
512,267579,5036369
513,267579,5035869
514,267579,5035369
515,267579,5034869
516,267579,5034369
517,267579,5033869
518,267579,5033369
519,267579,5032869
520,267579,5032369
521,267579,5031869
522,267579,5031369
523,267579,5030869
524,267579,5030369
525,267579,5029869
526,267579,5029369
527,267579,5028869
528,267579,5028369
529,267579,5027869
530,267579,5027369
531,267579,5026869
532,267579,5026369
533,267579,5025869
534,267579,5025369
535,267579,5024869
536,267579,5024369
537,267579,5023869
538,267579,5023369
539,267579,5022869
540,267579,5022369
541,267579,5021869
542,267579,5021369
543,267579,5020869
544,267579,5020369
545,268079,5042369
546,268079,5041869
547,268079,5041369
548,268079,5040869
549,268079,5040369
550,268079,5039869
551,268079,5039369
552,268079,5038869
553,268079,5038369
554,268079,5037869
555,268079,5037369
556,268079,5036869
557,268079,5036369
558,268079,5035869
559,268079,5035369
560,268079,5034869
561,268079,5034369
562,268079,5033869
563,268079,5033369
564,268079,5032869
565,268079,5032369
566,268079,5031869
567,268079,5031369
568,268079,5030869
569,268079,5030369
570,268079,5029869
571,268079,5029369
572,268079,5028869
573,268079,5028369
574,268079,5027869
575,268079,5027369
576,268079,5026869
577,268079,5026369
578,268079,5025869
579,268079,5025369
580,268079,5024869
581,268079,5024369
582,268079,5023869
583,268079,5023369
584,268079,5022869
585,268079,5022369
586,268079,5021869
587,268079,5021369
588,268079,5020869
589,268079,5020369
590,268579,5042869
591,268579,5042369
592,268579,5041869
593,268579,5041369
594,268579,5040869
595,268579,5040369
596,268579,5039869
597,268579,5039369
598,268579,5038869
599,268579,5038369
600,268579,5037869
601,268579,5037369
602,268579,5036869
603,268579,5036369
604,268579,5035869
605,268579,5035369
606,268579,5034869
607,268579,5034369
608,268579,5033869
609,268579,5033369
610,268579,5032869
611,268579,5032369
612,268579,5031869
613,268579,5031369
614,268579,5030869
615,268579,5030369
616,268579,5029869
617,268579,5029369
618,268579,5028869
619,268579,5028369
620,268579,5027869
621,268579,5027369
622,268579,5026869
623,268579,5026369
624,268579,5025869
625,268579,5025369
626,268579,5024869
627,268579,5024369
628,268579,5023869
629,268579,5023369
630,268579,5022869
631,268579,5022369
632,268579,5021869
633,268579,5021369
634,268579,5020869
635,268579,5020369
636,268579,5019869
637,269079,5042869
638,269079,5042369
639,269079,5041869
640,269079,5041369
641,269079,5040869
642,269079,5040369
643,269079,5039869
644,269079,5039369
645,269079,5038869
646,269079,5038369
647,269079,5037869
648,269079,5037369
649,269079,5036869
650,269079,5036369
651,269079,5035869
652,269079,5035369
653,269079,5034869
654,269079,5034369
655,269079,5033869
656,269079,5033369
657,269079,5032869
658,269079,5032369
659,269079,5031869
660,269079,5031369
661,269079,5030869
662,269079,5030369
663,269079,5029869
664,269079,5029369
665,269079,5028869
666,269079,5028369
667,269079,5027869
668,269079,5027369
669,269079,5026869
670,269079,5026369
671,269079,5025869
672,269079,5025369
673,269079,5024869
674,269079,5024369
675,269079,5023869
676,269079,5023369
677,269079,5022869
678,269079,5022369
679,269079,5021869
680,269079,5021369
681,269079,5020869
682,269079,5020369
683,269079,5019869
684,269579,5042869
685,269579,5042369
686,269579,5041869
687,269579,5041369
688,269579,5040869
689,269579,5040369
690,269579,5039869
691,269579,5039369
692,269579,5038869
693,269579,5038369
694,269579,5037869
695,269579,5037369
696,269579,5036869
697,269579,5036369
698,269579,5035869
699,269579,5035369
700,269579,5034869
701,269579,5034369
702,269579,5033869
703,269579,5033369
704,269579,5032869
705,269579,5032369
706,269579,5031869
707,269579,5031369
708,269579,5030869
709,269579,5030369
710,269579,5029869
711,269579,5029369
712,269579,5028869
713,269579,5028369
714,269579,5027869
715,269579,5027369
716,269579,5026869
717,269579,5026369
718,269579,5025869
719,269579,5025369
720,269579,5024869
721,269579,5024369
722,269579,5023869
723,269579,5023369
724,269579,5022869
725,269579,5022369
726,269579,5021869
727,269579,5021369
728,269579,5020869
729,269579,5020369
730,269579,5019869
731,270079,5042869
732,270079,5042369
733,270079,5041869
734,270079,5041369
735,270079,5040869
736,270079,5040369
737,270079,5039869
738,270079,5039369
739,270079,5038869
740,270079,5038369
741,270079,5037869
742,270079,5037369
743,270079,5036869
744,270079,5036369
745,270079,5035869
746,270079,5035369
747,270079,5034869
748,270079,5034369
749,270079,5033869
750,270079,5033369
751,270079,5032869
752,270079,5032369
753,270079,5031869
754,270079,5031369
755,270079,5030869
756,270079,5030369
757,270079,5029869
758,270079,5029369
759,270079,5028869
760,270079,5028369
761,270079,5027869
762,270079,5027369
763,270079,5026869
764,270079,5026369
765,270079,5025869
766,270079,5025369
767,270079,5024869
768,270079,5024369
769,270079,5023869
770,270079,5023369
771,270079,5022869
772,270079,5022369
773,270079,5021869
774,270079,5021369
775,270079,5020869
776,270079,5020369
777,270079,5019869
778,270579,5042869
779,270579,5042369
780,270579,5041869
781,270579,5041369
782,270579,5040869
783,270579,5040369
784,270579,5039869
785,270579,5039369
786,270579,5038869
787,270579,5038369
788,270579,5037869
789,270579,5037369
790,270579,5036869
791,270579,5036369
792,270579,5035869
793,270579,5035369
794,270579,5034869
795,270579,5034369
796,270579,5033869
797,270579,5033369
798,270579,5032869
799,270579,5032369
800,270579,5031869
801,270579,5031369
802,270579,5030869
803,270579,5030369
804,270579,5029869
805,270579,5029369
806,270579,5028869
807,270579,5028369
808,270579,5027869
809,270579,5027369
810,270579,5026869
811,270579,5026369
812,270579,5025869
813,270579,5025369
814,270579,5024869
815,270579,5024369
816,270579,5023869
817,270579,5023369
818,270579,5022869
819,270579,5022369
820,270579,5021869
821,270579,5021369
822,270579,5020869
823,270579,5020369
824,270579,5019869
825,271079,5042869
826,271079,5042369
827,271079,5041869
828,271079,5041369
829,271079,5040869
830,271079,5040369
831,271079,5039869
832,271079,5039369
833,271079,5038869
834,271079,5038369
835,271079,5037869
836,271079,5037369
837,271079,5036869
838,271079,5036369
839,271079,5035869
840,271079,5035369
841,271079,5034869
842,271079,5034369
843,271079,5033869
844,271079,5033369
845,271079,5032869
846,271079,5032369
847,271079,5031869
848,271079,5031369
849,271079,5030869
850,271079,5030369
851,271079,5029869
852,271079,5029369
853,271079,5028869
854,271079,5028369
855,271079,5027869
856,271079,5027369
857,271079,5026869
858,271079,5026369
859,271079,5025869
860,271079,5025369
861,271079,5024869
862,271079,5024369
863,271079,5023869
864,271079,5023369
865,271079,5022869
866,271079,5022369
867,271079,5021869
868,271079,5021369
869,271079,5020869
870,271079,5020369
871,271079,5019869
872,271579,5042869
873,271579,5042369
874,271579,5041869
875,271579,5041369
876,271579,5040869
877,271579,5040369
878,271579,5039869
879,271579,5039369
880,271579,5038869
881,271579,5038369
882,271579,5037869
883,271579,5037369
884,271579,5036869
885,271579,5036369
886,271579,5035869
887,271579,5035369
888,271579,5034869
889,271579,5034369
890,271579,5033869
891,271579,5033369
892,271579,5032869
893,271579,5032369
894,271579,5031869
895,271579,5031369
896,271579,5030869
897,271579,5030369
898,271579,5029869
899,271579,5029369
900,271579,5028869
901,271579,5028369
902,271579,5027869
903,271579,5027369
904,271579,5026869
905,271579,5026369
906,271579,5025869
907,271579,5025369
908,271579,5024869
909,271579,5024369
910,271579,5023869
911,271579,5023369
912,271579,5022869
913,271579,5022369
914,271579,5021869
915,271579,5021369
916,271579,5020869
917,271579,5020369
918,271579,5019869
919,272079,5042869
920,272079,5042369
921,272079,5041869
922,272079,5041369
923,272079,5040869
924,272079,5040369
925,272079,5039869
926,272079,5039369
927,272079,5038869
928,272079,5038369
929,272079,5037869
930,272079,5037369
931,272079,5036869
932,272079,5036369
933,272079,5035869
934,272079,5035369
935,272079,5034869
936,272079,5034369
937,272079,5033869
938,272079,5033369
939,272079,5032869
940,272079,5032369
941,272079,5031869
942,272079,5031369
943,272079,5030869
944,272079,5030369
945,272079,5029869
946,272079,5029369
947,272079,5028869
948,272079,5028369
949,272079,5027869
950,272079,5027369
951,272079,5026869
952,272079,5026369
953,272079,5025869
954,272079,5025369
955,272079,5024869
956,272079,5024369
957,272079,5023869
958,272079,5023369
959,272079,5022869
960,272079,5022369
961,272079,5021869
962,272079,5021369
963,272079,5020869
964,272079,5020369
965,272079,5019869
966,272579,5042869
967,272579,5042369
968,272579,5041869
969,272579,5041369
970,272579,5040869
971,272579,5040369
972,272579,5039869
973,272579,5039369
974,272579,5038869
975,272579,5038369
976,272579,5037869
977,272579,5037369
978,272579,5036869
979,272579,5036369
980,272579,5035869
981,272579,5035369
982,272579,5034869
983,272579,5034369
984,272579,5033869
985,272579,5033369
986,272579,5032869
987,272579,5032369
988,272579,5031869
989,272579,5031369
990,272579,5030869
991,272579,5030369
992,272579,5029869
993,272579,5029369
994,272579,5028869
995,272579,5028369
996,272579,5027869
997,272579,5027369
998,272579,5026869
999,272579,5026369
1000,272579,5025869
1001,272579,5025369
1002,272579,5024869
1003,272579,5024369
1004,272579,5023869
1005,272579,5023369
1006,272579,5022869
1007,272579,5022369
1008,272579,5021869
1009,272579,5021369
1010,272579,5020869
1011,272579,5020369
1012,272579,5019869
1013,273079,5042869
1014,273079,5042369
1015,273079,5041869
1016,273079,5041369
1017,273079,5040869
1018,273079,5040369
1019,273079,5039869
1020,273079,5039369
1021,273079,5038869
1022,273079,5038369
1023,273079,5037869
1024,273079,5037369
1025,273079,5036869
1026,273079,5036369
1027,273079,5035869
1028,273079,5035369
1029,273079,5034869
1030,273079,5034369
1031,273079,5033869
1032,273079,5033369
1033,273079,5032869
1034,273079,5032369
1035,273079,5031869
1036,273079,5031369
1037,273079,5030869
1038,273079,5030369
1039,273079,5029869
1040,273079,5029369
1041,273079,5028869
1042,273079,5028369
1043,273079,5027869
1044,273079,5027369
1045,273079,5026869
1046,273079,5026369
1047,273079,5025869
1048,273079,5025369
1049,273079,5024869
1050,273079,5024369
1051,273079,5023869
1052,273079,5023369
1053,273079,5022869
1054,273079,5022369
1055,273079,5021869
1056,273079,5021369
1057,273079,5020869
1058,273079,5020369
1059,273079,5019869
1060,273579,5042869
1061,273579,5042369
1062,273579,5041869
1063,273579,5041369
1064,273579,5040869
1065,273579,5040369
1066,273579,5039869
1067,273579,5039369
1068,273579,5038869
1069,273579,5038369
1070,273579,5037869
1071,273579,5037369
1072,273579,5036869
1073,273579,5036369
1074,273579,5035869
1075,273579,5035369
1076,273579,5034869
1077,273579,5034369
1078,273579,5033869
1079,273579,5033369
1080,273579,5032869
1081,273579,5032369
1082,273579,5031869
1083,273579,5031369
1084,273579,5030869
1085,273579,5030369
1086,273579,5029869
1087,273579,5029369
1088,273579,5028869
1089,273579,5028369
1090,273579,5027869
1091,273579,5027369
1092,273579,5026869
1093,273579,5026369
1094,273579,5025869
1095,273579,5025369
1096,273579,5024869
1097,273579,5024369
1098,273579,5023869
1099,273579,5023369
1100,273579,5022869
1101,273579,5022369
1102,273579,5021869
1103,273579,5021369
1104,273579,5020869
1105,273579,5020369
1106,273579,5019869
1107,274079,5042869
1108,274079,5042369
1109,274079,5041869
1110,274079,5041369
1111,274079,5040869
1112,274079,5040369
1113,274079,5039869
1114,274079,5039369
1115,274079,5038869
1116,274079,5038369
1117,274079,5037869
1118,274079,5037369
1119,274079,5036869
1120,274079,5036369
1121,274079,5035869
1122,274079,5035369
1123,274079,5034869
1124,274079,5034369
1125,274079,5033869
1126,274079,5033369
1127,274079,5032869
1128,274079,5032369
1129,274079,5031869
1130,274079,5031369
1131,274079,5030869
1132,274079,5030369
1133,274079,5029869
1134,274079,5029369
1135,274079,5028869
1136,274079,5028369
1137,274079,5027869
1138,274079,5027369
1139,274079,5026869
1140,274079,5026369
1141,274079,5025869
1142,274079,5025369
1143,274079,5024869
1144,274079,5024369
1145,274079,5023869
1146,274079,5023369
1147,274079,5022869
1148,274079,5022369
1149,274079,5021869
1150,274079,5021369
1151,274079,5020869
1152,274079,5020369
1153,274079,5019869
1154,274579,5042869
1155,274579,5042369
1156,274579,5041869
1157,274579,5041369
1158,274579,5040869
1159,274579,5040369
1160,274579,5039869
1161,274579,5039369
1162,274579,5038869
1163,274579,5038369
1164,274579,5037869
1165,274579,5037369
1166,274579,5036869
1167,274579,5036369
1168,274579,5035869
1169,274579,5035369
1170,274579,5034869
1171,274579,5034369
1172,274579,5033869
1173,274579,5033369
1174,274579,5032869
1175,274579,5032369
1176,274579,5031869
1177,274579,5031369
1178,274579,5030869
1179,274579,5030369
1180,274579,5029869
1181,274579,5029369
1182,274579,5028869
1183,274579,5028369
1184,274579,5027869
1185,274579,5027369
1186,274579,5026869
1187,274579,5026369
1188,274579,5025869
1189,274579,5025369
1190,274579,5024869
1191,274579,5024369
1192,274579,5023869
1193,274579,5023369
1194,274579,5022869
1195,274579,5022369
1196,274579,5021869
1197,274579,5021369
1198,274579,5020869
1199,274579,5020369
1200,274579,5019869
1201,275079,5042369
1202,275079,5041869
1203,275079,5041369
1204,275079,5040869
1205,275079,5040369
1206,275079,5039869
1207,275079,5039369
1208,275079,5038869
1209,275079,5038369
1210,275079,5037869
1211,275079,5037369
1212,275079,5036869
1213,275079,5036369
1214,275079,5035869
1215,275079,5035369
1216,275079,5034869
1217,275079,5034369
1218,275079,5033869
1219,275079,5033369
1220,275079,5032869
1221,275079,5032369
1222,275079,5031869
1223,275079,5031369
1224,275079,5030869
1225,275079,5030369
1226,275079,5029869
1227,275079,5029369
1228,275079,5028869
1229,275079,5028369
1230,275079,5027869
1231,275079,5027369
1232,275079,5026869
1233,275079,5026369
1234,275079,5025869
1235,275079,5025369
1236,275079,5024869
1237,275079,5024369
1238,275079,5023869
1239,275079,5023369
1240,275079,5022869
1241,275079,5022369
1242,275079,5021869
1243,275079,5021369
1244,275079,5020869
1245,275079,5020369
1246,275579,5042369
1247,275579,5041869
1248,275579,5041369
1249,275579,5040869
1250,275579,5040369
1251,275579,5039869
1252,275579,5039369
1253,275579,5038869
1254,275579,5038369
1255,275579,5037869
1256,275579,5037369
1257,275579,5036869
1258,275579,5036369
1259,275579,5035869
1260,275579,5035369
1261,275579,5034869
1262,275579,5034369
1263,275579,5033869
1264,275579,5033369
1265,275579,5032869
1266,275579,5032369
1267,275579,5031869
1268,275579,5031369
1269,275579,5030869
1270,275579,5030369
1271,275579,5029869
1272,275579,5029369
1273,275579,5028869
1274,275579,5028369
1275,275579,5027869
1276,275579,5027369
1277,275579,5026869
1278,275579,5026369
1279,275579,5025869
1280,275579,5025369
1281,275579,5024869
1282,275579,5024369
1283,275579,5023869
1284,275579,5023369
1285,275579,5022869
1286,275579,5022369
1287,275579,5021869
1288,275579,5021369
1289,275579,5020869
1290,275579,5020369
1291,276079,5042369
1292,276079,5041869
1293,276079,5041369
1294,276079,5040869
1295,276079,5040369
1296,276079,5039869
1297,276079,5039369
1298,276079,5038869
1299,276079,5038369
1300,276079,5037869
1301,276079,5037369
1302,276079,5036869
1303,276079,5036369
1304,276079,5035869
1305,276079,5035369
1306,276079,5034869
1307,276079,5034369
1308,276079,5033869
1309,276079,5033369
1310,276079,5032869
1311,276079,5032369
1312,276079,5031869
1313,276079,5031369
1314,276079,5030869
1315,276079,5030369
1316,276079,5029869
1317,276079,5029369
1318,276079,5028869
1319,276079,5028369
1320,276079,5027869
1321,276079,5027369
1322,276079,5026869
1323,276079,5026369
1324,276079,5025869
1325,276079,5025369
1326,276079,5024869
1327,276079,5024369
1328,276079,5023869
1329,276079,5023369
1330,276079,5022869
1331,276079,5022369
1332,276079,5021869
1333,276079,5021369
1334,276079,5020869
1335,276079,5020369
1336,276579,5041869
1337,276579,5041369
1338,276579,5040869
1339,276579,5040369
1340,276579,5039869
1341,276579,5039369
1342,276579,5038869
1343,276579,5038369
1344,276579,5037869
1345,276579,5037369
1346,276579,5036869
1347,276579,5036369
1348,276579,5035869
1349,276579,5035369
1350,276579,5034869
1351,276579,5034369
1352,276579,5033869
1353,276579,5033369
1354,276579,5032869
1355,276579,5032369
1356,276579,5031869
1357,276579,5031369
1358,276579,5030869
1359,276579,5030369
1360,276579,5029869
1361,276579,5029369
1362,276579,5028869
1363,276579,5028369
1364,276579,5027869
1365,276579,5027369
1366,276579,5026869
1367,276579,5026369
1368,276579,5025869
1369,276579,5025369
1370,276579,5024869
1371,276579,5024369
1372,276579,5023869
1373,276579,5023369
1374,276579,5022869
1375,276579,5022369
1376,276579,5021869
1377,276579,5021369
1378,276579,5020869
1379,277079,5041869
1380,277079,5041369
1381,277079,5040869
1382,277079,5040369
1383,277079,5039869
1384,277079,5039369
1385,277079,5038869
1386,277079,5038369
1387,277079,5037869
1388,277079,5037369
1389,277079,5036869
1390,277079,5036369
1391,277079,5035869
1392,277079,5035369
1393,277079,5034869
1394,277079,5034369
1395,277079,5033869
1396,277079,5033369
1397,277079,5032869
1398,277079,5032369
1399,277079,5031869
1400,277079,5031369
1401,277079,5030869
1402,277079,5030369
1403,277079,5029869
1404,277079,5029369
1405,277079,5028869
1406,277079,5028369
1407,277079,5027869
1408,277079,5027369
1409,277079,5026869
1410,277079,5026369
1411,277079,5025869
1412,277079,5025369
1413,277079,5024869
1414,277079,5024369
1415,277079,5023869
1416,277079,5023369
1417,277079,5022869
1418,277079,5022369
1419,277079,5021869
1420,277079,5021369
1421,277079,5020869
1422,277579,5041369
1423,277579,5040869
1424,277579,5040369
1425,277579,5039869
1426,277579,5039369
1427,277579,5038869
1428,277579,5038369
1429,277579,5037869
1430,277579,5037369
1431,277579,5036869
1432,277579,5036369
1433,277579,5035869
1434,277579,5035369
1435,277579,5034869
1436,277579,5034369
1437,277579,5033869
1438,277579,5033369
1439,277579,5032869
1440,277579,5032369
1441,277579,5031869
1442,277579,5031369
1443,277579,5030869
1444,277579,5030369
1445,277579,5029869
1446,277579,5029369
1447,277579,5028869
1448,277579,5028369
1449,277579,5027869
1450,277579,5027369
1451,277579,5026869
1452,277579,5026369
1453,277579,5025869
1454,277579,5025369
1455,277579,5024869
1456,277579,5024369
1457,277579,5023869
1458,277579,5023369
1459,277579,5022869
1460,277579,5022369
1461,277579,5021869
1462,277579,5021369
1463,278079,5041369
1464,278079,5040869
1465,278079,5040369
1466,278079,5039869
1467,278079,5039369
1468,278079,5038869
1469,278079,5038369
1470,278079,5037869
1471,278079,5037369
1472,278079,5036869
1473,278079,5036369
1474,278079,5035869
1475,278079,5035369
1476,278079,5034869
1477,278079,5034369
1478,278079,5033869
1479,278079,5033369
1480,278079,5032869
1481,278079,5032369
1482,278079,5031869
1483,278079,5031369
1484,278079,5030869
1485,278079,5030369
1486,278079,5029869
1487,278079,5029369
1488,278079,5028869
1489,278079,5028369
1490,278079,5027869
1491,278079,5027369
1492,278079,5026869
1493,278079,5026369
1494,278079,5025869
1495,278079,5025369
1496,278079,5024869
1497,278079,5024369
1498,278079,5023869
1499,278079,5023369
1500,278079,5022869
1501,278079,5022369
1502,278079,5021869
1503,278079,5021369
1504,278579,5040869
1505,278579,5040369
1506,278579,5039869
1507,278579,5039369
1508,278579,5038869
1509,278579,5038369
1510,278579,5037869
1511,278579,5037369
1512,278579,5036869
1513,278579,5036369
1514,278579,5035869
1515,278579,5035369
1516,278579,5034869
1517,278579,5034369
1518,278579,5033869
1519,278579,5033369
1520,278579,5032869
1521,278579,5032369
1522,278579,5031869
1523,278579,5031369
1524,278579,5030869
1525,278579,5030369
1526,278579,5029869
1527,278579,5029369
1528,278579,5028869
1529,278579,5028369
1530,278579,5027869
1531,278579,5027369
1532,278579,5026869
1533,278579,5026369
1534,278579,5025869
1535,278579,5025369
1536,278579,5024869
1537,278579,5024369
1538,278579,5023869
1539,278579,5023369
1540,278579,5022869
1541,278579,5022369
1542,278579,5021869
1543,279079,5040369
1544,279079,5039869
1545,279079,5039369
1546,279079,5038869
1547,279079,5038369
1548,279079,5037869
1549,279079,5037369
1550,279079,5036869
1551,279079,5036369
1552,279079,5035869
1553,279079,5035369
1554,279079,5034869
1555,279079,5034369
1556,279079,5033869
1557,279079,5033369
1558,279079,5032869
1559,279079,5032369
1560,279079,5031869
1561,279079,5031369
1562,279079,5030869
1563,279079,5030369
1564,279079,5029869
1565,279079,5029369
1566,279079,5028869
1567,279079,5028369
1568,279079,5027869
1569,279079,5027369
1570,279079,5026869
1571,279079,5026369
1572,279079,5025869
1573,279079,5025369
1574,279079,5024869
1575,279079,5024369
1576,279079,5023869
1577,279079,5023369
1578,279079,5022869
1579,279079,5022369
1580,279579,5039869
1581,279579,5039369
1582,279579,5038869
1583,279579,5038369
1584,279579,5037869
1585,279579,5037369
1586,279579,5036869
1587,279579,5036369
1588,279579,5035869
1589,279579,5035369
1590,279579,5034869
1591,279579,5034369
1592,279579,5033869
1593,279579,5033369
1594,279579,5032869
1595,279579,5032369
1596,279579,5031869
1597,279579,5031369
1598,279579,5030869
1599,279579,5030369
1600,279579,5029869
1601,279579,5029369
1602,279579,5028869
1603,279579,5028369
1604,279579,5027869
1605,279579,5027369
1606,279579,5026869
1607,279579,5026369
1608,279579,5025869
1609,279579,5025369
1610,279579,5024869
1611,279579,5024369
1612,279579,5023869
1613,279579,5023369
1614,279579,5022869
1615,280079,5039369
1616,280079,5038869
1617,280079,5038369
1618,280079,5037869
1619,280079,5037369
1620,280079,5036869
1621,280079,5036369
1622,280079,5035869
1623,280079,5035369
1624,280079,5034869
1625,280079,5034369
1626,280079,5033869
1627,280079,5033369
1628,280079,5032869
1629,280079,5032369
1630,280079,5031869
1631,280079,5031369
1632,280079,5030869
1633,280079,5030369
1634,280079,5029869
1635,280079,5029369
1636,280079,5028869
1637,280079,5028369
1638,280079,5027869
1639,280079,5027369
1640,280079,5026869
1641,280079,5026369
1642,280079,5025869
1643,280079,5025369
1644,280079,5024869
1645,280079,5024369
1646,280079,5023869
1647,280079,5023369
1648,280579,5038869
1649,280579,5038369
1650,280579,5037869
1651,280579,5037369
1652,280579,5036869
1653,280579,5036369
1654,280579,5035869
1655,280579,5035369
1656,280579,5034869
1657,280579,5034369
1658,280579,5033869
1659,280579,5033369
1660,280579,5032869
1661,280579,5032369
1662,280579,5031869
1663,280579,5031369
1664,280579,5030869
1665,280579,5030369
1666,280579,5029869
1667,280579,5029369
1668,280579,5028869
1669,280579,5028369
1670,280579,5027869
1671,280579,5027369
1672,280579,5026869
1673,280579,5026369
1674,280579,5025869
1675,280579,5025369
1676,280579,5024869
1677,280579,5024369
1678,280579,5023869
1679,281079,5038369
1680,281079,5037869
1681,281079,5037369
1682,281079,5036869
1683,281079,5036369
1684,281079,5035869
1685,281079,5035369
1686,281079,5034869
1687,281079,5034369
1688,281079,5033869
1689,281079,5033369
1690,281079,5032869
1691,281079,5032369
1692,281079,5031869
1693,281079,5031369
1694,281079,5030869
1695,281079,5030369
1696,281079,5029869
1697,281079,5029369
1698,281079,5028869
1699,281079,5028369
1700,281079,5027869
1701,281079,5027369
1702,281079,5026869
1703,281079,5026369
1704,281079,5025869
1705,281079,5025369
1706,281079,5024869
1707,281079,5024369
1708,281579,5037869
1709,281579,5037369
1710,281579,5036869
1711,281579,5036369
1712,281579,5035869
1713,281579,5035369
1714,281579,5034869
1715,281579,5034369
1716,281579,5033869
1717,281579,5033369
1718,281579,5032869
1719,281579,5032369
1720,281579,5031869
1721,281579,5031369
1722,281579,5030869
1723,281579,5030369
1724,281579,5029869
1725,281579,5029369
1726,281579,5028869
1727,281579,5028369
1728,281579,5027869
1729,281579,5027369
1730,281579,5026869
1731,281579,5026369
1732,281579,5025869
1733,281579,5025369
1734,281579,5024869
1735,282079,5036869
1736,282079,5036369
1737,282079,5035869
1738,282079,5035369
1739,282079,5034869
1740,282079,5034369
1741,282079,5033869
1742,282079,5033369
1743,282079,5032869
1744,282079,5032369
1745,282079,5031869
1746,282079,5031369
1747,282079,5030869
1748,282079,5030369
1749,282079,5029869
1750,282079,5029369
1751,282079,5028869
1752,282079,5028369
1753,282079,5027869
1754,282079,5027369
1755,282079,5026869
1756,282079,5026369
1757,282079,5025869
1758,282579,5035869
1759,282579,5035369
1760,282579,5034869
1761,282579,5034369
1762,282579,5033869
1763,282579,5033369
1764,282579,5032869
1765,282579,5032369
1766,282579,5031869
1767,282579,5031369
1768,282579,5030869
1769,282579,5030369
1770,282579,5029869
1771,282579,5029369
1772,282579,5028869
1773,282579,5028369
1774,282579,5027869
1775,282579,5027369
1776,282579,5026869
1777,283079,5034369
1778,283079,5033869
1779,283079,5033369
1780,283079,5032869
1781,283079,5032369
1782,283079,5031869
1783,283079,5031369
1784,283079,5030869
1785,283079,5030369
1786,283079,5029869
1787,283079,5029369
1788,283079,5028869
1789,283079,5028369
